Execution time for detection case.
This time includes the time for reading the alert on Kafka topic and the interaction with OPA to assess the authorisation
1. 0.04184460639953613
2. 0.032184600830078125
3. 0.027939319610595703
4. 0.041604042053222656
5. 0.042044639587402344
6. 0.04517102241516113
7. 0.03499865531921387
8. 0.035737037658691406
9. 0.04090285301208496
10. 0.034752845764160156
11. 0.03818082809448242
12. 0.03606891632080078
13. 0.04753994941711426
14. 0.02762126922607422
15. 0.02906632423400879
16. 0.031717538833618164
17. 0.026467323303222656
18. 0.03520512580871582
19. 0.03134655952453613
20. 0.03292512893676758
21. 0.024219512939453125
22. 0.02502918243408203
23. 0.026970624923706055
24. 0.03366279602050781
25. 0.024168014526367188
26. 0.0348818302154541
27. 0.03365373611450195
28. 0.02536296844482422
29. 0.031121015548706055
30. 0.03815102577209473
31. 0.03296661376953125
32. 0.03007960319519043
33. 0.03376269340515137
34. 0.03307080268859863
35. 0.03003692626953125
36. 0.030584335327148438
37. 0.025896310806274414
38. 0.031449317932128906
39. 0.022738218307495117
40. 0.027796506881713867
41. 0.021611690521240234
42. 0.026813030242919922
43. 0.024050474166870117
44. 0.027320384979248047
45. 0.026994705200195312
46. 0.03204703330993652
47. 0.021570682525634766
48. 0.02028679847717285
49. 0.02754807472229004
50. 0.021234512329101562

Number of repetition: 50
Maximum time: 1.5583980083465576
Average computation time: 0.03116796016693115