Execution time for normal case (combined).
This time includes the time for querying OPA and for publishing the alert message on the Kafka topic
1. 0.1443946361541748
2. 0.16729211807250977
3. 0.14083051681518555
4. 0.13675212860107422
5. 0.1360468864440918
6. 0.13054466247558594
7. 0.15096235275268555
8. 0.15491890907287598
9. 0.14132237434387207
10. 0.13799548149108887
11. 0.15552973747253418
12. 0.14115071296691895
13. 0.13113880157470703
14. 0.15056800842285156
15. 0.14679503440856934
16. 0.14257359504699707
17. 0.14077281951904297
18. 0.13673019409179688
19. 0.1455390453338623
20. 0.14021849632263184
21. 0.1521008014678955
22. 0.13746261596679688
23. 0.14208316802978516
24. 0.1426999568939209
25. 0.1484236717224121
26. 0.14702224731445312
27. 0.1479475498199463
28. 0.1480731964111328
29. 0.14811158180236816
30. 0.14765143394470215
31. 0.13524508476257324
32. 0.14418888092041016
33. 0.1415109634399414
34. 0.1392960548400879
35. 0.1366417407989502
36. 0.13809752464294434
37. 0.14918732643127441
38. 0.14412140846252441
39. 0.1389172077178955
40. 0.14302945137023926
41. 0.15329313278198242
42. 0.14502620697021484
43. 0.13884949684143066
44. 0.1394810676574707
45. 0.15029597282409668
46. 0.14458823204040527
47. 0.13686585426330566
48. 0.1346144676208496
49. 0.14084100723266602
50. 0.14627742767333984

Number of repetition: 50
Maximum time: 7.174021244049072
Average computation time: 0.14348042488098145