Execution time for normal case with the risk assessment.
This time includes the time for querying OPA and for publishing the alert message on the Kafka topic
1. 0.13953137397766113
2. 0.13036346435546875
3. 0.11867785453796387
4. 0.1214895248413086
5. 0.14104652404785156
6. 0.13001346588134766
7. 0.12349152565002441
8. 0.13440179824829102
9. 0.1333179473876953
10. 0.1257190704345703
11. 0.1311652660369873
12. 0.11925768852233887
13. 0.12956929206848145
14. 0.12758111953735352
15. 0.12340021133422852
16. 0.12694883346557617
17. 0.13007235527038574
18. 0.12761402130126953
19. 0.12596988677978516
20. 0.1202242374420166
21. 0.12668228149414062
22. 0.12164044380187988
23. 0.12208318710327148
24. 0.13104891777038574
25. 0.13309836387634277
26. 0.13365435600280762
27. 0.13315653800964355
28. 0.13649678230285645
29. 0.1322033405303955
30. 0.12403297424316406
31. 0.14773964881896973
32. 0.14007067680358887
33. 0.1219027042388916
34. 0.13754534721374512
35. 0.12845587730407715
36. 0.1294231414794922
37. 0.1366274356842041
38. 0.1366419792175293
39. 0.129256010055542
40. 0.12836742401123047
41. 0.12595653533935547
42. 0.1260673999786377
43. 0.12136340141296387
44. 0.12474393844604492
45. 0.11997294425964355
46. 0.11792421340942383
47. 0.12291407585144043
48. 0.12266850471496582
49. 0.12384343147277832
50. 0.12223339080810547

Number of repetition: 50
Maximum time: 6.417670726776123
Average computation time: 0.12835341453552246