Execution time for detection case.
This time includes the time for reading the alert on Kafka topic and the interaction with OPA to assess the authorisation
1. 0.009257316589355469
2. 0.015072345733642578
3. 0.008862018585205078
4. 0.012827634811401367
5. 0.012137889862060547
6. 0.009984493255615234
7. 0.015492439270019531
8. 0.008717060089111328
9. 0.008946418762207031
10. 0.013549327850341797
11. 0.013834476470947266
12. 0.009954452514648438
13. 0.019806861877441406
14. 0.009144306182861328
15. 0.010107994079589844
16. 0.01670050621032715
17. 0.009473323822021484
18. 0.013451814651489258
19. 0.020941972732543945
20. 0.01109623908996582
21. 0.008527994155883789
22. 0.008091926574707031
23. 0.024410247802734375
24. 0.007124900817871094
25. 0.020183563232421875
26. 0.007368803024291992
27. 0.0078051090240478516
28. 0.020345211029052734
29. 0.008829355239868164
30. 0.016288042068481445
31. 0.01268625259399414
32. 0.006144046783447266
33. 0.008970260620117188
34. 0.006489276885986328
35. 0.008786916732788086
36. 0.013044595718383789
37. 0.00868988037109375
38. 0.008900880813598633
39. 0.01009058952331543
40. 0.009250640869140625
41. 0.007930278778076172
42. 0.013511180877685547
43. 0.008444547653198242
44. 0.008393287658691406
45. 0.0077571868896484375
46. 0.010624885559082031
47. 0.010418415069580078
48. 0.014215469360351562
49. 0.01081085205078125
50. 0.009222745895385742

Number of repetition: 50
Maximum time: 0.572716236114502
Average computation time: 0.011454324722290039