Execution time for detection case.
This time includes the time for reading the alert on Kafka topic and the interaction with OPA to assess the authorisation
1. 0.01712489128112793
2. 0.012900590896606445
3. 0.011377096176147461
4. 0.010197639465332031
5. 0.018334150314331055
6. 0.013495922088623047
7. 0.012571334838867188
8. 0.012464284896850586
9. 0.013471364974975586
10. 0.01284933090209961
11. 0.01125335693359375
12. 0.01377415657043457
13. 0.01459050178527832
14. 0.01037287712097168
15. 0.015340566635131836
16. 0.011771678924560547
17. 0.010257959365844727
18. 0.010401725769042969
19. 0.013410091400146484
20. 0.016193628311157227
21. 0.011974096298217773
22. 0.017336130142211914
23. 0.016780376434326172
24. 0.012567520141601562
25. 0.01161956787109375
26. 0.008528470993041992
27. 0.013444900512695312
28. 0.013598203659057617
29. 0.010268211364746094
30. 0.013896465301513672
31. 0.010281801223754883
32. 0.010937690734863281
33. 0.013912439346313477
34. 0.012288331985473633
35. 0.012306690216064453
36. 0.010607719421386719
37. 0.009319543838500977
38. 0.012899160385131836
39. 0.011184930801391602
40. 0.012347221374511719
41. 0.009003639221191406
42. 0.009408235549926758
43. 0.011757135391235352
44. 0.010281801223754883
45. 0.013208627700805664
46. 0.012052536010742188
47. 0.012703657150268555
48. 0.010173797607421875
49. 0.011109113693237305
50. 0.015831470489501953