Execution time for normal case (combined).
This time includes the time for querying OPA and for publishing the alert message on the Kafka topic
1. 0.18279480934143066
2. 0.21596503257751465
3. 0.1879732608795166
4. 0.18903279304504395
5. 0.1719205379486084
6. 0.1731710433959961
7. 0.19355297088623047
8. 0.20379996299743652
9. 0.17810511589050293
10. 0.17764520645141602
11. 0.17905735969543457
12. 0.18480157852172852
13. 0.18821191787719727
14. 0.1741635799407959
15. 0.16764354705810547
16. 0.17658686637878418
17. 0.17296385765075684
18. 0.17676877975463867
19. 0.16710662841796875
20. 0.18003463745117188
21. 0.1999211311340332
22. 0.17764019966125488
23. 0.16885018348693848
24. 0.17216157913208008
25. 0.1705482006072998
26. 0.18108725547790527
27. 0.1705305576324463
28. 0.17386198043823242
29. 0.1774463653564453
30. 0.17009854316711426
31. 0.16713261604309082
32. 0.16678071022033691
33. 0.17460179328918457
34. 0.16156458854675293
35. 0.1860795021057129
36. 0.1823129653930664
37. 0.18322968482971191
38. 0.1831047534942627
39. 0.1755983829498291
40. 0.1728830337524414
41. 0.18730568885803223
42. 0.18248558044433594
43. 0.1759033203125
44. 0.17145752906799316
45. 0.19329833984375
46. 0.177321195602417
47. 0.17297935485839844
48. 0.17013835906982422
49. 0.1745903491973877
50. 0.17332077026367188

Number of repetition: 50
Maximum time: 8.935534000396729
Average computation time: 0.17871068000793458