Execution time for normal case (combined).
This time includes the time for querying OPA and for publishing the alert message on the Kafka topic
1. 0.13716435432434082
2. 0.14499926567077637
3. 0.15018701553344727
4. 0.13024663925170898
5. 0.12597227096557617
6. 0.1394333839416504
7. 0.13470816612243652
8. 0.13273191452026367
9. 0.14310359954833984
10. 0.13503050804138184
11. 0.1343090534210205
12. 0.13007330894470215
13. 0.1354532241821289
14. 0.14130496978759766
15. 0.1393871307373047
16. 0.1333465576171875
17. 0.13640069961547852
18. 0.14093017578125
19. 0.12845563888549805
20. 0.13706374168395996
21. 0.13109207153320312
22. 0.13576078414916992
23. 0.14787912368774414
24. 0.13489603996276855
25. 0.13689160346984863
26. 0.13027405738830566
27. 0.1329643726348877
28. 0.14833593368530273
29. 0.13042974472045898
30. 0.12966036796569824
31. 0.12792372703552246
32. 0.13107848167419434
33. 0.1350264549255371
34. 0.15407538414001465
35. 0.13244247436523438
36. 0.1403355598449707
37. 0.12775373458862305
38. 0.12920808792114258
39. 0.12683558464050293
40. 0.12503623962402344
41. 0.12638592720031738
42. 0.1240382194519043
43. 0.13596129417419434
44. 0.1308910846710205
45. 0.12787556648254395
46. 0.12898039817810059
47. 0.1277599334716797
48. 0.13263916969299316
49. 0.1391141414642334
50. 0.1453871726989746

Number of repetition: 50
Maximum time: 6.737234354019165
Average computation time: 0.1347446870803833